3
12
0.0 0.0 0.0 0.0 0.11205697522214622 0.22411395044429244 0.33617092566643864 0.4482279008885849 0.5190989547707918 0.5899700086529988 0.6608410625352057 0.8193135566528708 1.0 1.0 1.0 1.0
-5.000000000000002 -3.000000000000001
-4.251384064685259 -2.731436280482745
-2.7541492360436393 -2.1943102901601073
-1.9834015768193745 -0.22275956371550767
-1.3122444566788634 3.085348545022137
0.9206252625759439 0.2739008124363101
1.9825489966203087 1.990990772479801
2.976852252104833 3.483490756630012
4.576941846152001 1.4947351299008198
4.7020638641115005 -2.6265409025240842
6.20126002110263 0.39196522544475604
7.0 2.0
