3
16
0.0 0.0 0.0 0.0 0.07795187907884575 0.1559037581576915 0.23385563723653727 0.28897593953942285 0.36692781861826856 0.44487969769711433 0.5551203023028854 0.6330721813817313 0.7110240604605771 0.7661443627634626 0.8440962418423085 0.9220481209211542 1.0 1.0 1.0 1.0
0.0 0.0
0.3390397987975515 0.33049866177231463
1.017128095288889 0.9915044650693936
1.931491968292561 2.033986379598651
3.127502629721207 2.7906801489351714
3.1362774638475646 4.136361119640198
1.8942635000053538 5.567386228522612
1.0498446606876466 3.497845127964272
-1.0498446461674165 3.4978451063244633
-1.8942635453276457 5.56738627442758
-3.1362773112340214 4.136360970561672
-3.1275030834158164 2.7906805913045303
-1.931489441267215 2.033983916202739
-1.0171374271990952 0.9915135618967739
-0.3390197090239664 0.3304790781057002
0.0 0.0
